13.00	4
22.00	1
8.00	8
96.00	2
1.00	7
12.00	27
6.00	21
3.00	30
3.00	884
2.00	153
4.00	5
21.00	7
12.00	74
9.00	10551 1
89.00	12
57.00	43
272.00	9
4.00	1
19.00	11
11.00	148
21.00	57
29.00	347
187.00	1
6.00	10739 1
6.00	5
9.00	1
6.00	24
144.00	8
1.00	269
214.00	10
8.00	35
11.00	2
13.00	6
11.00	10
2.00	360
6.00	13
2.00	2
76.00	37
48.00	3
12.00	80
150.00	5
36.00	188
218.00	28
12.00	3
2.00	4
40.00	6
9.00	41
18.00	326
13.00	1
12.00	3
6.00	7
13.00	11
59.00	2
64.00	8
3.00	4
35.00	1
5.00	18
21.00	26
41.00	3
5.00	4
86.00	216
2.00	6
61.00	31
7.00	10
17.00	4
22.00	11867 1
12.00	2
5.00	7
86.00	9
11.00	11
22.00	22
9.00	30
5.00	9
42.00	1
1.00	3
8.00	187
2.00	2
17.00	159
21.00	27
20.00	19
13.00	1
26.00	1
95.00	12323 1
69.00	1
4.00	96
33.00	12343 1
10.00	15
20.00	13
4.00	22
95.00	52
32.00	2
5.00	4
51.00	4
5.00	9
10.00	361
10.00	4
19.00	5
12.00	23
22.00	20
147.00	418
1.00	7
7.00	9
12.00	2
11.00	5
2.00	278
50.00	19
7.00	10
14.00	6
175.00	13459 1
4.00	31
5.00	317
49.00	110
104.00	8
2.00	4
35.00	58
8.00	55
8.00	1
8.00	59
22.00	33
9.00	2
74.00	89
114.00	139
1.00	463
14.00	14109 1
3.00	2
1.00	20
95.00	42
97.00	8
78.00	6
3.00	3
34.00	9
4.00	2
44.00	9
28.00	97
1.00	223
43.00	117
17.00	20
40.00	26
3.00	2
27.00	3
87.00	324
38.00	426
5.00	21
43.00	127
5.00	91
27.00	254
21.00	121
22.00	14905 1
4.00	1
33.00	3
4.00	9
4.00	4
78.00	3
32.00	5
12.00	15401 1
149.00	9
50.00	1
31.00	15841 1
24.00	35
41.00	2
