37.00	9
1.00	68
34.00	4
51.00	13
76.00	1
1.00	5
223.00	4
9.00	34
146.00	6
11.00	3
5.00	7
3.00	1
21.00	5
5.00	4
11.00	6
36.00	54
4.00	66
85.00	27
17.00	20
1.00	1
1.00	1
46.00	2
17.00	12
123.00	10
5.00	35
1.00	135
13.00	102
69.00	4
26.00	3
5.00	27
20.00	7
31.00	3
49.00	5
30.00	3
3.00	245
29.00	720
27.00	981
91.00	3
33.00	49
17.00	12
12.00	321
3.00	11624 1
17.00	2
14.00	32
7.00	7
11.00	7
117.00	23
2.00	1
7.00	3
7.00	18
5.00	52
5.00	20
154.00	1
22.00	1
3.00	8
6.00	1
2.00	8
5.00	159
3.00	557
9.00	31
103.00	7
5.00	12320 1
36.00	20
14.00	27
9.00	337
9.00	38
47.00	6
49.00	1
1.00	614
5.00	26
2.00	3
5.00	20
189.00	39
8.00	50
12.00	6
40.00	26
6.00	9
34.00	130
2.00	363
124.00	14
50.00	259
14.00	49
5.00	22
8.00	7
45.00	5
31.00	21
11.00	95
14.00	1
9.00	1
27.00	13388 1
16.00	10
2.00	15
7.00	2
22.00	10
16.00	123
33.00	64
7.00	1107
30.00	13964 1
15.00	14006 1
10.00	6
40.00	242
137.00	17
18.00	87
5.00	14150 1
18.00	8
4.00	2
4.00	57
4.00	2
7.00	123
49.00	2
21.00	44
39.00	47
16.00	3
3.00	32
2.00	1
13.00	7
168.00	18
11.00	12
18.00	45
3.00	3
8.00	16
24.00	4
2.00	5
63.00	91
24.00	3
200.00	4
13.00	7
1.00	1
77.00	165
167.00	18
18.00	15048 1
189.00	2
5.00	14
26.00	223
24.00	17
61.00	48
25.00	60
104.00	7
239.00	28
3.00	2
5.00	10
15.00	7
Unknown Point in Alaska	6349
